244601480
180366970
180173690
180189080
180267830
180269330
180269370
180269330
180269380
180269360
180269380
180269340
180269380
180269350
180269350
180269350
180269350
180269350
180269360
180269350
180269350
180269340
180269350
180269340
180269350
180269340
180269350
180269340
180269350
180269340
180269370
180269340
180269360
180269350
180269360
180269350
180269360
180269350
180269360
180269350
180269360
180269350
180269360
180269350
180269360
180269350
180269360
180269350
180269360
180269350
180269360
180269350
180269360
180269350
180269360
180269350
180269360
180269350
180269360
180269350
180269360
180269350
180269360
180269350
180269360
180269350
180269360
180269350
180269360
180269350
180269360
180269350
180269360
180269350
180269360
180269350
180269360
180269350
180269360
180269350
180269360
180269350
180269360
180269350
180269360
180269350
180269360
180269350
180269360
180269350
180269360
180269350
180269360
180269350
180269360
180269350
180269360
180269350
180269360
180268100