241880880
180444240
180250930
180266370
180345120
180346600
180346610
180346600
180346600
180346610
180346610
180346620
180346600
180346610
180346620
180346620
180346610
180346600
180346610
180346600
180346600
180346580
180346610
180346600
180346610
180346600
180346600
180346590
180346610
180346590
180346610
180346630
180346620
180346600
180346620
180346600
180346600
180346610
180346610
180346610
180346620
180346600
180346610
180346600
180346620
180346610
180346630
180346590
180346620
180346610
180346620
180346610
180346600
180346600
180346610
180346610
180346620
180346600
180346610
180346600
180346620
180346590
180346600
180346600
180346600
180346600
180346610
180346610
180346600
180346600
180346610
180346590
180346620
180346600
180346630
180346590
180346620
180346610
180346620
180346600
180346610
180346600
180346610
180346590
180346590
180346610
180346600
180346600
180346610
180346590
180346600
180346600
180346600
180346600
180346630
180346610
180346610
180346610
180346610
180344220