60744490
3027770
3027700
3027770
3027700
3027770
3027700
3027770
3027700
3027770
3027690
3027760
3027700
3027770
3027700
3027770
3027700
3027760
3027700
3027770
3027700
3027770
3027690
3027770
3027700
3027770
3027700
3027770
3027700
3027770
3027700
3027770
3027700
3027760
3027700
3027770
3027700
3027770
3027700
3027760
3027690
3027770
3027700
3027770
3027700
3027770
3027700
3027770
3027700
3027760
3027690
3027770
3027700
3027770
3027690
3027770
3027690
3027770
3027700
3027770
3027700
3027770
3027700
3027770
3027690
3027770
3027700
3027770
3027700
3027770
3027700
3027770
3027700
3027770
3027700
3027770
3027700
3027770
3027690
3027760
3027700
3027770
3027700
3027770
3027700
3027770
3027700
3027770
3027700
3027770
3027700
3027770
3027700
3027770
3027700
3027760
3027700
3027770
3027700
3026530