60100780
3002000
3001940
3002010
3001930
3002000
3001930
3002010
3001940
3002000
3001930
3002000
3001940
3002010
3001940
3002010
3001940
3002010
3001940
3002000
3001930
3002000
3001940
3002010
3001940
3002000
3001930
3002010
3001940
3002010
3001940
3002000
3001930
3002000
3001930
3002010
3001940
3002010
3001930
3002000
3001930
3002010
3001930
3002000
3001930
3002010
3001940
3002010
3001940
3002000
3001930
3002010
3001940
3002010
3001940
3002010
3001940
3002010
3001940
3002000
3001940
3002010
3001930
3002000
3001940
3002010
3001940
3002010
3001940
3002010
3001940
3002010
3001940
3002010
3001930
3002010
3001940
3002010
3001930
3002010
3001940
3002010
3001940
3002010
3001930
3002010
3001940
3002010
3001940
3002010
3001930
3002000
3001930
3002000
3001940
3002010
3001930
3002010
3001940
2999670