808499290
733798700
733178380
733048580
732886490
732866700
732775630
732751900
732695700
732675460
732591660
732610490
732503830
732476630
732480330
732473350
732473170
732454030
732456930
732406060
732409600
732410030
732386740
732399810
732402140
732403760
732367580
732377650
732374760
732344920
732352730
732374270
732331420
732338470
732272210
732274690
732228180
732240220
732239370
732282210
732298030
732307520
732306740
732336760
732354040
732321200
732343860
732326730
732346380
732340430
732330870
732346870
732329240
732351500
732361500
732387090
732387470
732372580
732377710
732378570
732418130
732396820
732437880
732367620
732375440
732337810
732382990
732375710
732409840
732404750
732453720
732418500
732399990
732453330
732434320
732416510
732394700
732395530
732373380
732340950
732364700
732355940
732348950
732364650
732375840
732394350
732347470
732375370
732341450
732352170
732345850
732363020
732325940
732332780
732338180
732308060
732334580
732322290
732306820
732306050