811540500
733930850
733310490
733180710
733018670
732998890
732907860
732884080
732827920
732807670
732723790
732742670
732635980
732608810
732612530
732605540
732605310
732586230
732589090
732538230
732541750
732542210
732518890
732531980
732534320
732535920
732499720
732509790
732506950
732477090
732484820
732506450
732463580
732470590
732404370
732406820
732360350
732372380
732371590
732414400
732430240
732439670
732438880
732468870
732486210
732453370
732476040
732458950
732478570
732472580
732463050
732479030
732461390
732483650
732493630
732519280
732519660
732504750
732509860
732510670
732550310
732528940
732570010
732499770
732507630
732470010
732515170
732507920
732542010
732536910
732585900
732550700
732532160
732585450
732566560
732548700
732526820
732527720
732505570
732473150
732496880
732488120
732481150
732496810
732508020
732526410
732479630
732507480
732473660
732484410
732477990
732495230
732458140
732464950
732470350
732440220
732466730
732454470
732439010
732437130