2939590950
2849137000
2849170000
2849163000
2849126000
2849214000
2849159000
2849232000
2849171000
2849211000
2849133000
2849117000
2849079000
2849163000
2849091000
2849132950
2849114000
2849156000
2849198000
2849233000
2849187000
2849107000
2849142000
2849138000
2849123000
2849159000
2849096000
2849197000
2849140000
2849186000
2849159950
2849117000
2849229000
2849237000
2849233000
2849236000
2849257000
2849222000
2849218000
2849228000
2849215000
2849260000
2849316000
2849339000
2849369000
2849315950
2849292000
2849283000
2849352000
2849352000
2849398000
2849388000
2849421000
2849396000
2849417000
2849386000
2849430000
2849403000
2849403000
2849410950
2849405000
2849448000
2849410000
2849462000
2849466000
2849474000
2849472000
2849503000
2849499000
2849508000
2849508000
2849468000
2849495000
2849487000
2849479950
2849398000
2849341000
2849370000
2849330000
2849266000
2849267000
2849222000
2849268000
2849266000
2849241000
2849180000
2849251000
2849209000
2849201000
2849189950
2849198000
2849252000
2849255000
2849306000
2849236000
2849319000
2849285000
2849321000
2849237000
2849262000