2934685000
2848892950
2848924000
2848917000
2848878000
2848967000
2848913000
2848989000
2848927000
2848965000
2848888000
2848871000
2848835000
2848915000
2848839000
2848885000
2848869950
2848910000
2848952000
2848987000
2848941000
2848862000
2848898000
2848894000
2848877000
2848913000
2848846000
2848951000
2848892000
2848938000
2848915000
2848872950
2848983000
2848991000
2848987000
2848989000
2849010000
2848980000
2848970000
2848982000
2848967000
2849010000
2849066000
2849091000
2849121000
2849072000
2849044950
2849037000
2849106000
2849106000
2849151000
2849144000
2849174000
2849150000
2849173000
2849136000
2849182000
2849157000
2849159000
2849163000
2849159950
2849201000
2849163000
2849215000
2849221000
2849227000
2849226000
2849257000
2849251000
2849262000
2849262000
2849222000
2849247000
2849243000
2849236000
2849151950
2849094000
2849124000
2849084000
2849020000
2849022000
2848977000
2849022000
2849020000
2848997000
2848932000
2849003000
2848965000
2848957000
2848946000
2848953950
2849006000
2849009000
2849060000
2848991000
2849072000
2849039000
2849073000
2848989000
2849016000