106173380
45659960
45608940
45626120
45572740
45568470
45568970
45574280
45562040
45565520
45572730
45578610
45588610
45587030
45586520
45581640
45575160
45573540
45580370
45576250
45584840
45589180
45586340
45589160
45592160
45592710
45590210
45600080
45600340
45599860
45601750
45604440
45607230
45603050
45595860
45589790
45578020
45584150
45573170
45583910
45591640
45594950
45602100
45612630
45607800
45613870
45611060
45626360
45621340
45627550
45609440
45614120
45598720
45602140
45602830
45608180
45594650
45598170
45596330
45599460
45582550
45589340
45598480
45598900
45602620
45599670
45600550
45612820
45610490
45595470
45603090
45606890
45602910
45604400
45595120
45598850
45592980
45589330
45593700
45604770
45618800
45626450
45634960
45635070
45635180
45626290
45636150
45617480
45633020
45629150
45633890
45622180
45610050
45613330
45619550
45632140
45629200
45633220
45642830
45632970