104952310
45458160
45408050
45424820
45372380
45368230
45368750
45373940
45361900
45365370
45372480
45378250
45388060
45386510
45385980
45381170
45374790
45373260
45379930
45375910
45384360
45388630
45385820
45388600
45391560
45392090
45389640
45399370
45399590
45399130
45400990
45403630
45406380
45402230
45395170
45389180
45377660
45383640
45372870
45383470
45391060
45394320
45401400
45411680
45406950
45412890
45410160
45425190
45420280
45426290
45408550
45413110
45397990
45401360
45402090
45407260
45394000
45397460
45395660
45398680
45382090
45388810
45397780
45398180
45401830
45398920
45399820
45411880
45409550
45394790
45402320
45406020
45402150
45403570
45394450
45398120
45392340
45388750
45393100
45404030
45417790
45425320
45433670
45433790
45433830
45425160
45434760
45416510
45431750
45427980
45432590
45421030
45409160
45412380
45418530
45430910
45428020
45431960
45441400
45432740